[gd_scene load_steps=11 format=3 uid="uid://cmw7fwjm363s7"]

[ext_resource type="PackedScene" uid="uid://bqhd5qtvwp261" path="res://scenes/levels/tileset scenes/chateau scene/chateau.tscn" id="1_0dep5"]
[ext_resource type="PackedScene" uid="uid://frtgj5uj6n7s" path="res://scenes/player/player.tscn" id="2_q74tb"]
[ext_resource type="PackedScene" uid="uid://b28y412e8tws" path="res://scenes/enemies/clanger/e_clanger.tscn" id="3_kq876"]
[ext_resource type="Script" path="res://scenes/levels/HealthBar.gd" id="4_jjus8"]

[sub_resource type="ProceduralSkyMaterial" id="ProceduralSkyMaterial_3hgwl"]
sky_horizon_color = Color(0.64625, 0.65575, 0.67075, 1)
ground_horizon_color = Color(0.64625, 0.65575, 0.67075, 1)

[sub_resource type="Sky" id="Sky_wwcv2"]
sky_material = SubResource("ProceduralSkyMaterial_3hgwl")

[sub_resource type="Environment" id="Environment_8vil2"]
background_mode = 2
sky = SubResource("Sky_wwcv2")
tonemap_mode = 2
ssao_enabled = true
sdfgi_use_occlusion = true
glow_enabled = true
fog_light_color = Color(0.941176, 0.94902, 0.956863, 1)
fog_density = 0.0002
volumetric_fog_density = 0.008

[sub_resource type="Theme" id="Theme_gps74"]

[sub_resource type="StyleBoxFlat" id="StyleBoxFlat_lxaq8"]
bg_color = Color(0.913725, 0.121569, 0, 1)

[sub_resource type="StyleBoxLine" id="StyleBoxLine_hfhkw"]
content_margin_left = 1.0
content_margin_top = 1.0
content_margin_right = 1.0
content_margin_bottom = 1.0

[node name="world" type="Node3D"]

[node name="WorldEnvironment" type="WorldEnvironment" parent="."]
environment = SubResource("Environment_8vil2")

[node name="DirectionalLight3D" type="DirectionalLight3D" parent="."]
transform = Transform3D(-0.866023, -0.433016, 0.250001, 0, 0.499998, 0.866027, -0.500003, 0.749999, -0.43301, 0, 0, 0)
shadow_enabled = true

[node name="map" type="Node3D" parent="."]

[node name="tilesets" type="Node3D" parent="map"]

[node name="Chateau" parent="map/tilesets" instance=ExtResource("1_0dep5")]

[node name="Player" parent="map" instance=ExtResource("2_q74tb")]
transform = Transform3D(0.976669, 0, -0.214752, 0, 1, 0, 0.214752, 0, 0.976669, 0, 64.5, 0)

[node name="clanger" parent="map" instance=ExtResource("3_kq876")]
transform = Transform3D(1, 0, 0, 0, 1, 0, 0, 0, 1, 2.5, 64.5, 0.236501)

[node name="clanger2" parent="map" instance=ExtResource("3_kq876")]
transform = Transform3D(0.995214, 0, -0.0977222, 0, 1, 0, 0.0977222, 0, 0.995214, 0.606, 66, 36.773)

[node name="HealthBar" type="Control" parent="."]
layout_mode = 3
anchors_preset = 0
offset_right = 40.0
offset_bottom = 40.0
script = ExtResource("4_jjus8")

[node name="CanvasLayer" type="CanvasLayer" parent="HealthBar"]

[node name="HealthBar" type="ProgressBar" parent="HealthBar/CanvasLayer"]
layout_direction = 2
offset_right = 172.0
offset_bottom = 14.0
theme = SubResource("Theme_gps74")
theme_override_styles/background = SubResource("StyleBoxFlat_lxaq8")
theme_override_styles/fill = SubResource("StyleBoxLine_hfhkw")
step = 1.0
show_percentage = false
